Askisi 3
Threads: 1
elements: 10
3933
3905
3758
3670
3737
3992
3626
3545
3368
3438
3345
3216
3020
3032
3171
elements: 11
6531
6225
6508
6524
6078
6658
10429
9645
9141
9246
9587
8185
10631
8232
7325
elements: 12
14636
13969
14263
14424
14089
14905
14791
16933
18454
18738
16787
16191
16210
16221
16394
elements: 13
35429
34551
33257
32079
30763
30511
30934
30402
36088
30453
30628
30928
34477
36740
31001
elements: 14
68668
68580
76614
70628
98599
77478
85547
70683
70595
71319
91616
84293
86796
77214
116493
elements: 15
319228
206564
153199
239314
361325
265939
196385
206496
171230
997318
290675
157437
155833
280794
206657
elements: 16
379869
356403
892321
472224
662544
391232
1139882
561050
500467
551420
1785040
423443
355931
641597
711288
elements: 17
1031100
1062749
1730478
904970
994920
2267158
940820
2568730
871927
1136499
1669627
2868980
1987481
646532
1770797
elements: 18
3687092
3964321
2380153
2139343
1621302
1854229
3447779
3842992
1748738
1862184
2507138
2555590
2403079
1709023
4481609
elements: 19
3815378
7876253
4708840
7009005
8682775
4573339
3656527
8526877
4925481
4308560
5019551
4234070
3238658
9046315
4815469
Threads: 2
elements: 10
3963
9246
3926
14062
4217
4081
13978
3893
13852
4089
4170
14360
4461
13999
3815
elements: 11
18556
19023
19951
19912
21214
23337
40151
32247
39798
30821
27152
32422
41886
59207
109217
elements: 12
202753
244185
287218
243636
227105
147443
63876
56313
61540
49957
49941
40930
34459
32073
27294
elements: 13
55045
48593
64615
50917
55005
56107
52446
82841
216306
424269
366473
290724
147341
87024
83213
elements: 14
139953
79790
95041
108259
110125
120876
85429
77125
88179
106611
163213
179243
257153
187184
162753
elements: 15
203585
178027
241035
234042
205603
193264
831867
590482
177812
170969
305765
334960
245223
157401
242028
elements: 16
547636
352451
398284
313472
330809
327950
323774
403143
374335
325495
362454
440988
415258
1054502
549602
elements: 17
1111066
3372909
1468452
1569680
744057
700270
691890
786270
983536
655585
788936
888292
741543
669256
2724574
elements: 18
3746982
1469362
2704969
3050103
3149153
4788608
2852090
1460635
2499395
1667003
1826126
2157535
2251996
3116162
2975206
elements: 19
5564239
6510312
3503803
3882847
4506380
5814312
7593987
4630881
7448292
5275519
6399079
6749837
7865144
4069019
8047789
Threads: 3
elements: 10
5668
19161
3761
3345
23328
3230
3151
23146
3041
3046
22956
2992
2976
23022
3020
elements: 11
27228
6841
47012
30680
26992
29200
28802
26676
25236
15920
28305
7020
27144
26511
27146
elements: 12
38232
38068
47364
54817
60014
62839
65740
66168
60945
61219
63989
60729
61313
60989
60823
elements: 13
98077
98292
144633
76823
51983
52603
53194
57334
56576
55897
54081
54011
53178
54757
60863
elements: 14
92029
123950
451169
799646
358042
178902
117961
90298
94364
93467
94197
91698
92124
90717
87579
elements: 15
179823
282103
1134529
259539
1307829
696149
190932
207838
185810
205828
189756
278832
182128
189573
224570
elements: 16
1310037
494275
1197693
435449
419053
439313
431319
1254193
475658
443343
691919
444847
496606
2899631
399277
elements: 17
1447523
2189779
1817686
1106934
704070
671403
672517
713225
692597
687910
4202888
3777502
658648
655790
656755
elements: 18
1420279
1417654
2847925
8220318
5022483
2437058
3183125
2551493
1638079
1877174
1537749
1685800
4426551
4861957
3158965
elements: 19
3196232
3483149
5271977
3649323
3703756
4043095
3730492
6493407
4185812
11001019
7528735
3338600
3463141
5418613
4344726
Threads: 4
elements: 10
19194
5265
36122
5162
34604
4459
34588
4476
34660
4895
34972
4953
34682
4086
4045
elements: 11
59066
27260
41952
27485
44060
27815
30577
45995
33962
39452
17220
42061
28542
38750
7745
elements: 12
66648
43011
48478
52518
52048
51744
47085
42468
43784
43626
44015
43249
43467
42945
49737
elements: 13
62116
59041
88543
114626
239801
515101
466406
408218
212288
114615
123099
110867
79988
63261
75183
elements: 14
107132
101066
101751
103951
101934
113707
134396
101938
119705
106309
104131
98680
112617
101371
105121
elements: 15
175806
199895
185784
181145
277057
1351658
397021
234718
374900
378950
223319
199522
174027
178619
189198
elements: 16
377539
343425
346787
352086
344850
409392
377339
431171
350794
349852
351505
1474979
396042
345959
456633
elements: 17
905696
680339
694615
2636920
1260020
689029
688122
677904
674970
684151
688131
1583966
737793
720636
1657485
elements: 18
1663736
1372646
1855511
12705883
4925045
2248454
1399372
2616310
1610903
1376892
2763572
1614574
1642424
3085775
2491990
elements: 19
4059942
3247356
3255209
11635414
3392430
3250140
10430070
3397077
3508315
3219849
5900340
3886409
3045912
5982050
3526915
Threads: 5
elements: 10
7680
37926
45936
5908
45187
5058
45447
5801
45593
45297
5173
45791
4619
44821
4785
elements: 11
55952
42213
46795
54264
48061
38486
44465
47486
7479
47266
47438
47309
7436
47390
47494
elements: 12
72697
67401
58067
59978
58724
57885
59080
59286
58028
57517
66204
55074
55702
57403
57514
elements: 13
71585
78788
76578
181649
556073
558420
575326
585737
614897
403369
201490
140343
132010
126353
96112
elements: 14
107161
112120
116114
140069
116204
128842
139445
157736
118280
112337
133651
124560
110542
118561
136859
elements: 15
186273
229302
337704
255369
193753
194972
195314
198108
206463
196962
195754
197451
191297
198069
193192
elements: 16
347903
424390
398845
530581
414116
360610
592909
645526
512523
436528
383182
350820
515319
405093
369076
elements: 17
983305
980650
758875
709986
2222620
711086
681400
696850
921462
1113421
826840
742897
2835417
807947
717640
elements: 18
12731754
8693492
2697789
7056311
3425738
2315753
1973508
3282839
1738102
1681627
2855513
3139567
1490192
2301608
1865975
elements: 19
4412469
6775054
4767098
3415012
11311483
3158668
3952399
3908727
4540062
5108649
3207716
7671155
4606991
3811638
3779727
Threads: 6
elements: 10
4334
40485
4398
4461
55232
4096
54270
4457
54662
4352
54280
4584
55438
4862
54863
elements: 11
59030
59980
60128
57495
61717
61306
60172
54027
58888
58846
8727
58899
58799
58806
58739
elements: 12
95082
68061
69069
69488
67681
66804
66764
68539
67511
67881
68312
67662
66986
70983
68954
elements: 13
84031
90659
92136
98926
98877
94679
91765
108261
102303
118173
126057
123991
117674
112031
107604
elements: 14
151707
118906
143354
147595
137041
178493
212179
216938
193493
135605
142779
242438
430613
713837
234309
elements: 15
264421
259787
351099
300095
204391
210893
238108
202217
217580
228375
223686
201172
213982
213163
209652
elements: 16
565268
547451
383521
387422
364833
736821
572813
401302
386240
372546
2145745
498481
345720
383510
403792
elements: 17
708094
734407
749029
2456325
1096161
707197
1161251
747327
778501
763661
739243
718414
1544578
1534105
735535
elements: 18
13622362
2688191
4636213
2499126
1520160
1736787
2271410
1985730
2361053
2330707
1871631
1774611
2681454
1505562
1692485
elements: 19
4452290
7808648
8012193
3948152
3855723
4103775
4036831
3941046
3126563
5379490
3415776
3378058
3263664
6788125
4800909
Threads: 7
elements: 10
22511
6154
66223
66264
6986
67071
65880
5802
65345
5628
66215
66828
7621
68651
69219
elements: 11
170334
125162
135830
131347
220942
627507
527497
523441
507327
519373
606627
523257
498535
432652
333175
elements: 12
311607
383299
262089
163871
227785
243103
142140
101574
81158
82834
81590
81371
83942
87766
84173
elements: 13
94623
94200
112642
104649
147608
180464
196900
566014
684783
369831
195600
166321
169272
129537
107949
elements: 14
143245
149194
162853
152383
149963
150996
153007
151758
153703
155633
149694
143065
135307
133455
134097
elements: 15
1248038
1798721
1729726
613448
220863
225432
230894
258007
236232
214714
554779
2269890
1813847
1780628
822357
elements: 16
409926
404545
406762
423204
369786
409352
422475
390598
620692
663803
385672
424631
365090
1246044
1686023
elements: 17
2214833
824256
785185
836371
4555849
4079448
720929
714295
777403
736598
1747743
1074308
747294
900201
816066
elements: 18
1524855
1820726
1498011
1552242
1680294
1497529
4166903
1583467
1896743
1485102
8310152
1452482
1512123
1464082
1909236
elements: 19
3730550
4529906
3861488
3098937
3386971
4238603
8382584
3654868
5734934
7530289
4204837
3297110
6865620
5082186
4999205
Threads: 8
elements: 10
40499
4703
4767
77522
76194
76897
6679
76683
76594
6558
75715
4865
74988
7388
81422
elements: 11
152410
99554
117093
105061
97883
107860
87667
83907
131487
86774
98939
99983
111570
95458
72282
elements: 12
108095
94351
94655
104413
96455
94938
97164
93741
94496
94169
101190
89797
96210
113329
103402
elements: 13
120212
123563
135234
196218
222775
536354
1476702
467463
210906
219070
145760
124934
130990
159009
124101
elements: 14
171360
194321
176501
181159
181538
178981
180457
178944
189857
208373
249703
315308
317322
308089
271625
elements: 15
290084
295856
275098
451290
1556203
352687
293040
283288
327813
274309
302486
302288
321044
278547
305992
elements: 16
497307
472035
492796
537454
488078
498847
490196
503880
476327
499525
536022
464531
491347
544413
582400
elements: 17
1388074
1249460
973002
1539976
919505
927307
2520028
961699
943487
965506
1342671
912970
3021286
3673128
960077
elements: 18
2259116
2031366
1905011
2092474
2023331
3282239
1964617
2109471
1868414
2740976
1958228
3506531
2225235
2762414
2481806
elements: 19
20286995
3955636
3879405
4846362
4684977
4451036
4071852
4467654
5386707
9653617
3983315
7833657
4961485
3946863
5602111
Threads: 9
elements: 10
5648
5419
5217
4482
4372
4476
4904
4357
4350
4382
4361
4457
4627
4237
4438
elements: 11
8832
8700
8935
9137
8705
8911
9180
10613
9899
8546
9668
9460
8490
8559
9914
elements: 12
16906
15057
21377
15395
17655
24104
18328
15169
15370
21143
21566
25283
34995
38226
34450
elements: 13
87585
262359
297976
152309
87458
82206
56431
38599
44854
39901
38025
36664
53005
49798
46247
elements: 14
92765
83933
71825
66516
65851
76431
76485
66737
66688
66684
66714
87604
69427
70973
71062
elements: 15
160736
143996
142986
142303
142372
143339
142325
141113
143404
143538
200177
721638
331454
177330
188628
elements: 16
406455
306060
324909
311006
318600
395733
367442
297529
369274
346827
303064
301155
300663
336424
371065
elements: 17
664560
919585
733525
675785
721744
678554
752210
814161
648534
655444
969571
855895
755909
1053577
1382312
elements: 18
3470192
1503647
1879981
2692259
5264679
2007047
1586781
3974059
1643798
2214214
3856578
1819398
2523559
2234610
1483348
elements: 19
4147071
4343476
6751279
3152797
3357525
3601874
7649066
4099478
4019433
4228966
6420167
3177422
3371898
10691851
4847752
Threads: 10
elements: 10
10254
8380
8891
8221
8312
7431
6914
7130
5621
6534
6430
5582
4778
5106
4395
elements: 11
10709
10438
10494
10641
8322
10998
10425
10303
10899
10199
8422
10154
9001
8977
9440
elements: 12
18790
19787
18456
18165
19329
19182
18266
18506
18113
18524
18232
18165
16505
14684
19755
elements: 13
70229
265346
477317
428943
169634
81874
81497
66516
36222
38717
49634
39924
34820
44000
34769
elements: 14
359383
680196
752577
234176
149703
80233
69971
87979
81815
99642
147341
195857
298697
175578
137550
elements: 15
163551
164536
161873
140237
141199
141626
150899
177612
182928
167988
173982
167556
196192
173891
172755
elements: 16
387425
296558
501770
573171
411284
364958
371438
654079
407621
541675
543489
1236601
391871
475981
451043
elements: 17
1016449
732072
1230562
1301673
688426
679370
732774
1007811
685049
663600
1703072
734249
1008267
692338
659238
elements: 18
1501802
5274369
3229720
1411910
2291587
4089827
1651817
2238527
1968367
1849095
2477846
3805408
1547739
4490483
1998636
elements: 19
3070780
5344645
4497456
3701026
7012262
3021892
3374804
3026032
3550579
4269753
3144221
4150685
3325547
2901689
2995537
