2 1 -1.5355285902280245
7 1 -0.93806802862949512
15 1 0.25193274863309884
21 1 -0.35096373925924473
22 1 0.75889097252400961
61 1 -1.1591223028807762
64 1 -1.214700711846473
66 1 -0.90641577412779684
68 1 0.07804635345632592
75 1 -0.68107927607416596
87 1 0.43721642219236617
6 2 -1.1699168712152646
19 2 -0.94893787849202671
26 2 -0.7174998288689407
33 2 -0.339198275527403
38 2 0.68154585256441391
44 2 -0.59563193495180722
49 2 0.92279675010420825
52 2 -2.6773234617695514
62 2 0.21784889541909414
90 2 -0.39987420533954904
18 3 0.12834401077959709
19 3 0.28471943051581317
34 3 -0.43284212755664248
35 3 -0.14325458571585031
42 3 -1.9273532983971378
48 3 -1.2940602338293088
49 3 0.60956478236394429
60 3 0.21596138884171062
85 3 0.89960798052446289
89 3 0.95338215725623154
99 3 0.87672440964466358
20 4 1.6600434479535522
53 4 -0.42194548054063907
59 4 -0.26587478862396374
62 4 -1.6065471873738433
63 4 -0.47713335804666052
68 4 -0.21622850486431044
77 4 -0.32046426625445545
80 4 -2.078242865614099
85 4 0.51826486543531003
89 4 -0.26407570748653869
95 4 0.46484035136703422
97 4 -1.7103358375022621
11 5 -0.21293522193967118
12 5 1.9514977518201999
27 5 0.81012938707719306
50 5 0.55664426030897385
53 5 -0.26147074207129456
58 5 -0.39519535245656623
65 5 -0.86469405824756262
88 5 0.60231420501100918
92 5 1.0782116748204362
2 6 -0.69868304311911456
5 6 -0.90508133652240208
25 6 -1.2417891986283716
43 6 1.0465803106684171
66 6 1.0738460780967187
69 6 -0.017429781304234487
4 7 -0.71931369315217164
21 7 -1.3043996516680854
25 7 -0.60668164331623986
26 7 -2.026579725814158
41 7 0.15856820974083052
58 7 0.56425577590888476
76 7 0.46479049094550379
78 7 -2.6774601757153134
90 7 0.62402838000347538
91 7 -0.34242256570946839
100 7 1.8867096342676124
2 8 -1.0869402589673205
8 8 1.3055954668082939
23 8 1.5794965531035208
36 8 1.2382966164337852
39 8 0.46430827539318892
43 8 1.0612073502913197
68 8 -2.2078201974860869
70 8 -0.29768877095607121
76 8 0.87163786141361999
80 8 -0.35321139556536263
87 8 0.47695150865329877
91 8 -0.66156295149416366
95 8 2.4167137228118332
99 8 -0.11994791409241001
100 8 1.0144289539196447
7 9 -0.25950534212879028
8 9 0.41621827634056779
17 9 -0.62363185936143228
18 9 0.41194492425200413
26 9 -0.36115740446175287
30 9 0.19422423948275311
31 9 -1.5610794196723339
34 9 -0.19523845905632525
35 9 1.0722786154286086
40 9 -1.8733352817854585
55 9 -0.37483034614203881
63 9 -0.75446137771948119
71 9 -0.044556097793462361
75 9 0.10081218854661603
78 9 2.3757910163829719
80 9 1.1548731261153604
91 9 0.82815342341888543
9 10 -0.038948186817594758
13 10 -1.2935566534043215
19 10 -0.2424302652601914
23 10 1.2174652427146586
26 10 0.074883682125072126
50 10 0.36810702714882915
55 10 -0.8366618149064432
56 10 1.1449068438071321
64 10 -1.2469806529710703
78 10 -1.5034495970365951
79 10 0.10692690157071415
94 10 -0.60420515554723853
10 11 0.91834764099464827
16 11 0.39052573469860397
48 11 -0.87025682815795113
58 11 0.20639371160958089
76 11 -0.61710271939806638
92 11 -0.18312507127162383
4 12 -1.589316361111988
12 12 0.39313222436820983
13 12 1.2617692140527543
20 12 -1.0730740936111567
21 12 1.2513878891743746
36 12 0.11805608370302255
52 12 0.94277299716624496
68 12 0.66253516150016489
79 12 -1.4206319563884746
81 12 -0.51083512842373913
84 12 0.013086604431734322
95 12 -0.24285814315400503
6 13 1.0369252019080353
13 13 0.4573122072579916
14 13 -0.56636863537219806
16 13 -0.37338408976587639
30 13 0.83792764278463316
61 13 2.1425756221890415
86 13 0.38490101490702955
3 14 1.1787716021376795
14 14 0.82429662729764808
32 14 1.2694868687686092
36 14 0.34898409350157528
51 14 -1.2787171350517206
54 14 1.7745222462140344
55 14 -0.78634536645469888
67 14 -0.53647545248485151
85 14 -0.44833809209041259
89 14 1.6719274539476505
97 14 -1.1681668085621415
5 15 0.19711456890822179
6 15 -0.207155454041765
9 15 0.15555505861264335
35 15 0.31148149503235745
41 15 1.5902884048743511
52 15 0.36276974880322982
74 15 -1.8885399147562645
75 15 -0.98306972755639643
6 16 -1.2889047182019322
31 16 -0.67444483063333227
33 16 0.0015064481019418942
36 16 0.43878474141507329
42 16 1.3016216070483402
56 16 0.31239416851957508
70 16 -0.12365518313465353
75 16 0.3092766878799208
83 16 2.0631010045228932
84 16 0.66745060296940517
87 16 0.46228430753118122
11 17 -1.1559243867474058
30 17 0.30409063117829249
31 17 -0.27223159989857271
48 17 3.4988737764167208
65 17 0.55086533245760505
71 17 2.0368560719232787
2 18 -0.2117304705668332
5 18 -0.62156523707355871
9 18 0.85280382518893139
26 18 -0.024520233678706045
31 18 0.67434004575966289
67 18 0.19824701264339886
72 18 0.31094118870090703
78 18 -0.58338396388694014
29 19 0.46379550797653657
32 19 -0.51636267590131024
45 19 0.0085468181513757256
47 19 -0.39124557514739439
48 19 -2.2883927764787759
61 19 -0.65505901872347572
76 19 0.10717159166036069
77 19 -1.1827440471813671
81 19 0.25793881741005081
85 19 1.0986054062592132
93 19 -0.0065356818227492617
94 19 -2.4320580029944532
6 20 1.4216832092386327
11 20 -0.11110176836057714
23 20 -0.61140410298962256
27 20 1.3277060647458434
28 20 0.9785501520666311
33 20 -1.6087502512904621
43 20 1.4373173364532721
54 20 -0.086019168934768908
57 20 -1.0029171958549064
64 20 -1.0346375099659566
70 20 0.22867156476261677
73 20 -0.77406751107381244
78 20 -2.0217047092459675
81 20 -1.6829461982748746
96 20 -0.96396868437414018
97 20 0.7732993252905711
1 21 0.73271982461290142
4 21 1.2712485754294289
14 21 0.5514216092217511
32 21 0.1686257829425595
36 21 0.22161792144532202
39 21 0.15369757930869418
51 21 0.98008512254259073
58 21 0.14738985534134696
66 21 -0.76358412482853866
79 21 2.1365151123199024
88 21 1.15954876698408
94 21 -0.21132439392549282
4 22 -1.0425818458617142
9 22 -0.36587190594959146
30 22 -0.81493992701771545
53 22 -0.098940300865676054
58 22 -0.53221238598841403
59 22 -0.44458273502198137
86 22 -0.32566010341221774
98 22 0.26529960864405178
6 23 0.53174572838257261
8 23 0.70145196233823337
18 23 -0.0081258751679189438
39 23 0.10559893727804959
53 23 1.4078302243014795
66 23 -0.13691464599360767
78 23 -2.7939950924631782
79 23 0.22146954493553855
84 23 -1.3016512512868992
88 23 -1.2757338446351867
92 23 1.138050336819757
95 23 0.39164705164952784
2 24 0.48943283348893413
45 24 0.56735208274587057
62 24 -0.43882843292058304
77 24 -0.43261825779590685
79 24 0.34722391127889829
90 24 0.016691711309259682
98 24 0.23371590875374432
26 25 -0.49026361605312258
29 25 1.1534641763700764
41 25 0.046960565306259354
49 25 0.19990917541741371
67 25 -1.2063143375161474
78 25 0.39494727440109151
96 25 -0.39710748144393121
12 26 0.87990268619392886
33 26 0.86184519093422185
42 26 -1.4671196996377671
70 26 -0.73287818539149663
71 26 0.85371438021332424
80 26 -1.8289710359750861
87 26 0.068143520310950029
94 26 1.033984715675806
95 26 -0.42687137996955044
100 26 -0.56462090480428839
3 27 -0.48002970656659727
13 27 0.95667806590533533
23 27 1.3918416255789929
25 27 1.5511259372277186
39 27 0.22754067545621781
61 27 -0.83414803420760275
5 28 -0.10964870726558394
20 28 0.41322886829432459
27 28 1.6113741042925545
35 28 1.0387764990380302
45 28 -1.6511545543720489
54 28 0.47538227619117984
59 28 -0.051990337585402509
64 28 -0.22270548306066662
71 28 -0.28162614928045743
77 28 -1.6983655249222367
93 28 -0.69411419761461979
1 29 2.2342982406858178
5 29 -0.97012219554726231
15 29 -0.79124176671401358
22 29 1.5766098147570937
38 29 0.35508299178821917
40 29 0.99242183709506726
87 29 0.63842470421612518
90 29 -0.38447092352957568
91 29 -1.1357742499508163
100 29 -1.5348793853325013
5 30 -0.54206891228294896
23 30 0.33334718887776027
26 30 1.7459608352002525
49 30 -0.37528543169679679
65 30 -0.5493896697073205
66 30 1.7057008633208428
67 30 -0.11829771864970613
68 30 1.6316170286665928
98 30 0.32408198733713395
8 31 -0.59313191986212888
25 31 -1.155609695377491
73 31 -0.98583406915027572
93 31 0.18486964104036102
10 32 -0.35197531114888769
14 32 -0.95239955059396464
44 32 1.4244444707599297
48 32 -2.4128100691860199
53 32 1.3805299805318307
65 32 -0.89843367573781263
6 33 0.52831109083450278
15 33 0.88837119085345717
22 33 0.82963660057212263
24 33 0.42923700579422552
35 33 -0.044698566942878118
50 33 1.4384074906703783
81 33 1.4902915738089646
97 33 0.22438050609624874
98 33 -1.0915344757384884
6 34 2.3668385553859697
27 34 -0.98277113718145781
47 34 0.73852601033544873
53 34 0.33836667826986977
64 34 -1.0376819665179604
88 34 0.21004672682300232
1 35 -0.089655215658932114
15 35 0.15788087169353657
17 35 -0.82449887010814138
19 35 -0.88840456464877382
20 35 -0.82779395832850933
30 35 -0.94684689149384049
34 35 1.6142633247996838
37 35 0.53407477185315066
52 35 0.12569344846416375
57 35 -0.17034539034226834
88 35 -0.097955833716468182
4 36 -0.81427993843371083
12 36 -0.42649204267588392
16 36 -1.0150454302406848
22 36 0.4805431324477063
39 36 1.1818695155083443
61 36 0.23458873744712821
77 36 0.87550513632008986
79 36 1.5374046687925111
94 36 -1.3568937271541381
1 37 1.1840864520019585
17 37 -1.4464397853927087
21 37 -0.29685116674461931
24 37 0.75011871064673696
46 37 -1.5513703609539005
55 37 1.0037779335252184
5 38 0.76401865823495552
16 38 -0.74227110818317077
38 38 -1.3863657155055704
56 38 -1.5516665104991436
59 38 0.61795274127703204
68 38 -0.92591121842129775
76 38 -1.4149672078586539
93 38 -1.664660668661047
25 39 0.086962470103218087
28 39 -0.077083079009060834
57 39 -1.4065281706856279
63 39 1.0528006731265602
80 39 0.43494544896073201
86 39 -0.91430478868881138
88 39 1.4431251729991943
95 39 -1.2408124975038584
99 39 -1.1082800782567543
7 40 0.11486310627406476
33 40 -0.77882822983333833
36 40 1.3077313555621035
44 40 0.0098112913329969145
50 40 -0.7816318152023658
59 40 -0.520995774920052
69 40 -1.0380744416191705
72 40 -0.27112024231613407
3 41 -0.8217821312953788
11 41 -0.42486600744999098
14 41 -1.1908750286399887
20 41 0.29252410658008982
24 41 -1.1565009197510363
28 41 -0.53226427467274262
35 41 -0.19906991489923942
43 41 -0.30182926047389597
45 41 0.88041388231986129
55 41 -0.34828193198670149
70 41 0.0062775544322257338
71 41 1.1037813427666519
77 41 0.37290058421531225
88 41 -0.014670517214032256
6 42 -0.25541848265951644
22 42 -1.0050384755278641
34 42 3.1626680910618972
39 42 0.35975967005727433
43 42 0.79688593330812207
52 42 0.58365347393410782
62 42 -0.64213594281008746
81 42 -0.51606942353989693
86 42 -1.2219092062085128
1 43 -1.1732533255385205
7 43 0.11182231017082948
19 43 -0.26284284286488768
23 43 1.3013430456898616
35 43 -0.038211855966652657
42 43 1.5855970565255972
61 43 -0.13937882601277374
63 43 1.9064193471081077
69 43 0.053474428556891655
71 43 0.49115237687477098
72 43 0.35096828005731129
91 43 0.1824882150821463
37 44 -1.3938810861012954
43 44 0.15882530200529768
53 44 0.18123970254968991
58 44 0.8424171260072727
67 44 0.22772515326788381
72 44 0.87720983509507389
77 44 -3.2507029309126909
100 44 -0.85279184322025825
8 45 -0.3967573600669187
31 45 0.84483517026383204
36 45 -0.36002764556530414
45 45 -0.75994664237294263
47 45 1.1873430451306832
55 45 2.6943769493696204
61 45 -0.23462004203664247
64 45 -0.54664888927381494
77 45 -0.28562302650354432
88 45 -1.9549322935824189
21 46 -0.079897326763981869
32 46 0.94504077646289231
46 46 -1.9600285789683032
47 46 1.9806946118879327
59 46 0.044139806689367934
67 46 -1.0719825460655685
68 46 -0.52641788159438585
77 46 -1.7298336441489202
16 47 -0.67352360919716103
33 47 -0.024007454687249331
48 47 -0.68369091208474897
55 47 0.091820041027731725
60 47 0.19577552707018178
64 47 -0.70540118727108803
1 48 -0.53458702268313596
37 48 -1.1020113134831901
67 48 0.32128750150407898
75 48 -0.69650783187582765
15 49 0.37355831046907406
17 49 -0.5316494150567429
30 49 -1.9882843358771434
35 49 -0.55052490345929894
67 49 -1.0450247436702977
70 49 -0.74312646537100735
73 49 3.2994816030126075
80 49 0.15293308235141412
90 49 1.7992646699629971
5 50 -0.97285974023338617
9 50 -0.17342505716963624
12 50 -1.3512917742352273
22 50 -0.7033659791601905
41 50 2.6077634870443558
77 50 0.74327868801989805
90 50 1.0227877035258512
98 50 0.4367296285090928
1 51 0.47975916253651929
9 51 0.62661879823826516
39 51 -0.15900907406574957
52 51 0.25530082240647384
61 51 -0.72316679939927686
67 51 -0.23979999030434929
70 51 -0.086618243436755171
75 51 -0.80830835679461355
80 51 1.5448181067267071
89 51 -0.11611035201736307
90 51 0.30638955049352723
96 51 -0.7688698522751326
4 52 -0.45792365471748675
8 52 -1.5038925427042216
31 52 -0.60454546102605644
37 52 -0.57386086324495678
39 52 -0.7888193980589544
50 52 -1.1284983828832094
60 52 -0.53859253382584971
65 52 -0.73958994019461255
72 52 1.0178268290857204
74 52 -0.89778857209921492
86 52 -0.32938360420185336
90 52 0.43905025139733383
20 53 -0.65778045845481492
29 53 -0.5954044800141528
41 53 0.54027746902491602
76 53 -0.34154649039033186
82 53 -1.0796869125338422
84 53 -0.17226579624155824
92 53 -1.1845436542712833
94 53 -0.29169856453215076
96 53 -0.051528379109375758
33 54 0.30159629081590783
46 54 -0.55133412351205846
63 54 -0.70699632885728891
71 54 1.4668252811640754
75 54 0.55679732679298877
82 54 -1.612728127466724
5 55 0.68230493975033712
9 55 -0.91623765991171391
39 55 1.237166562648802
41 55 1.3147748758984998
43 55 0.7844354559580422
44 55 1.3795670794512711
61 55 1.171703603575232
72 55 -0.83444756226893169
74 55 -0.23917310904652378
75 55 -0.7017513493902916
84 55 -0.73451370571525898
95 55 0.68616674104378628
10 56 -0.52152355091717562
20 56 -0.062986854895718744
21 56 -0.70466979251014061
42 56 -0.56743873286113111
47 56 -0.20768090100435255
59 56 -0.61909448529617905
65 56 -0.097934300943629246
67 56 0.50792410747917982
79 56 -1.937148585369979
82 56 -0.57069628221169288
86 56 -2.0111670859182182
99 56 -0.027061182393335839
6 57 0.66868562803005804
10 57 0.16772405151313724
11 57 -0.49348309759408193
17 57 -0.78129467029480371
39 57 1.386779433787481
40 57 -0.31695062014285874
41 57 -0.6196804617216497
69 57 -0.28023523781809584
75 57 -2.087747335481382
77 57 1.0229583441926688
92 57 0.41690534767744569
4 58 0.086832513084096619
24 58 -0.61114253588597867
36 58 0.28302394081381455
41 58 0.66887262243662715
47 58 -1.0384523225359399
52 58 0.32791543511818066
55 58 -0.71460256793911059
67 58 0.56845869393471493
13 59 0.78177552862841038
16 59 0.51072708079560769
19 59 0.55329644895726859
53 59 -0.22364615395622134
56 59 -0.87707314601121233
72 59 0.55995929871663497
88 59 -1.0081737833990463
89 59 0.70449646773573882
90 59 -0.53870397767735623
32 60 1.1560858976174908
55 60 -0.54906716559762392
63 60 0.63434115699532501
68 60 -0.33392838081660192
72 60 1.3107677809746605
78 60 0.26619881804737533
80 60 2.4872853414302618
81 60 1.3273744488049051
82 60 1.0368979894878132
87 60 0.84426174248053643
93 60 -0.053361090581380083
6 61 0.18786984481166755
8 61 -0.84947579366448289
10 61 -1.1623751329841816
12 61 0.91783160233588679
18 61 0.34006018541253064
19 61 1.5738352391216626
30 61 0.74392493788265823
43 61 -1.7019345909395178
58 61 0.78350888533664276
63 61 0.83165080801984981
67 61 1.7729089200322605
73 61 0.82323365302497153
75 61 0.69757921361450737
79 61 -0.10157543082148235
80 61 -0.88345363872286997
82 61 1.1524684482532859
91 61 -2.5393218503337383
92 61 -1.0604884403384307
100 61 -0.46862892292574176
2 62 -1.0047490987308605
5 62 0.23281949571508823
12 62 1.6795586680035512
13 62 1.6941886241535333
14 62 1.358851333724989
31 62 -1.1855051027763794
33 62 1.7259831138333075
52 62 -0.558175766605014
54 62 -1.3800684869925905
85 62 -0.25364584123605133
97 62 0.11314396050733365
15 63 -0.51477290000691522
18 63 0.77828588238383856
21 63 -0.88461869673161497
22 63 1.3234416219146878
25 63 -0.78068015606404706
29 63 -1.8539813634657694
37 63 -0.1086553301605387
40 63 0.041130882967372197
49 63 0.11929458185837705
66 63 1.2235930185566264
85 63 0.16669081477527928
86 63 -0.7205370270851027
95 63 0.53015644288686803
99 63 -1.5271286153574681
1 64 -0.81340503755541138
2 64 0.62032572332731539
7 64 -0.22905118915598038
11 64 -0.029146965672246339
16 64 0.31376125565651319
25 64 1.1557746896977923
30 64 3.4460302159894423
50 64 -0.93707761952655999
52 64 0.36647660244759356
54 64 -0.086997517786583975
55 64 1.3755830950576842
56 64 0.24947874572732692
60 64 0.69679556356640038
61 64 -0.60478489545005176
73 64 0.88367341372491193
77 64 -0.32777253799394818
81 64 -0.38335154655314552
85 64 -0.90521914767294853
32 65 1.1448003264675382
36 65 -0.011554671916788269
66 65 -2.1845426641010213
68 65 0.057683407641968408
75 65 -0.25921105371303038
89 65 -0.54369111912566248
97 65 0.85540616665097358
10 66 0.51469991590737929
19 66 -0.06600941659265068
20 66 0.81903849508872806
22 66 1.1314361139155045
29 66 -0.45873073948816051
45 66 0.96280481504484394
46 66 1.6346741663472497
49 66 -1.5572960363831918
68 66 -1.0834139002171905
69 66 0.42704056353414888
70 66 0.8762614614351274
83 66 1.8362523647034632
87 66 -0.92492253775481925
98 66 1.7401012764917159
1 67 0.50002992525266166
10 67 -0.42546892979097212
12 67 0.78489599311589431
19 67 0.94392892919592597
21 67 0.67178956755252506
22 67 0.73894373889240161
27 67 -0.11648523206730454
34 67 -0.53997658767042889
38 67 0.73802892946788112
53 67 -0.90854391139027646
61 67 0.24092718866452065
74 67 -0.98581526834075572
89 67 0.41525479842792951
96 67 1.799776130473131
5 68 1.2007868474206218
44 68 0.16469141227586628
45 68 0.69631878251154133
54 68 -1.4332160603593518
78 68 0.60583902559446656
83 68 -0.22869228191793195
92 68 -0.20394148797439463
94 68 -1.6688221274419575
25 69 -0.58642971228612861
37 69 0.78130660862718282
49 69 0.43975182247343064
79 69 1.3869862026797539
82 69 -0.39902642469097738
88 69 1.3205725925653078
90 69 -1.3211545906538205
15 70 -0.63887939458697185
21 70 -1.56243309762731
38 70 -0.6422532275158811
46 70 1.4472490610721362
48 70 2.0759198130366405
50 70 -0.23124600211354554
62 70 3.4597004814759593
76 70 0.65337090142408916
80 70 -0.41079092951999441
10 71 1.3948381967732109
34 71 0.0042352141474303251
35 71 0.047317719096464414
39 71 -2.0532189364344489
44 71 0.14228507672563215
45 71 -0.58979236741052921
47 71 0.85982219645512692
52 71 0.76055055567494023
53 71 -1.0205041425905041
83 71 0.7966700482392497
95 71 0.55144287522085766
9 72 -0.99252886277030816
13 72 0.25948685687369771
15 72 -1.3464051313707377
17 72 1.4336782998848816
33 72 0.7060323112146113
40 72 -0.012151737449537259
54 72 -0.3525853817305184
68 72 1.0244951665745061
71 72 1.0673250914927361
77 72 0.50986532550847907
88 72 -0.18353587579768393
94 72 -0.72690807160475102
4 73 -0.18289052619134311
18 73 0.13506782737129078
23 73 0.93305680196136842
29 73 0.28841868146015759
48 73 0.75888496034473807
49 73 -0.22166198492574632
60 73 -1.9363597045092149
64 73 0.18377657397346386
69 73 -0.96268303490545581
74 73 0.85125647943227989
76 73 -0.77355000148381337
82 73 0.83411046560117641
85 73 -0.029519421547212068
96 73 0.14563401574780535
99 73 -1.9339357045184651
28 74 -0.70835389932408832
29 74 0.36611223946412264
40 74 -1.6270482022153672
48 74 -1.4052082337981426
54 74 1.0406099964135824
69 74 -0.88108232216543358
79 74 0.8803293006751971
97 74 -1.2028619767014288
7 75 0.48465065995438988
14 75 -0.52832379417523112
28 75 -1.0822806275340653
44 75 0.79408752560015317
49 75 0.45894479495614077
50 75 -0.8657900477413476
53 75 -1.2452832581417959
66 75 -0.5881818865170344
72 75 -1.0904707844352792
94 75 0.64159523544613606
7 76 -1.5110953699899135
20 76 -1.7575496134331257
26 76 1.2281926415307036
34 76 -0.57012812425600889
35 76 -0.45953027249791761
42 76 -0.25521262948761592
43 76 -0.20767006569630048
68 76 1.2776291087779417
71 76 1.3953295820452087
79 76 -0.83186163989645057
88 76 -1.8958375398582941
89 76 -0.52317598071264693
98 76 -0.15907215196666108
2 77 -0.32881221286081214
12 77 0.70445064615046438
25 77 0.72336303829455584
38 77 2.3471823150561915
40 77 -0.12391784526750076
41 77 -0.84530211081642026
42 77 -0.13893822763604671
53 77 0.57394743011215943
56 77 -1.3049618340678488
77 77 -0.16925407708573026
92 77 1.7264622700238239
96 77 -1.0345215160714174
15 78 -0.95954482289953613
20 78 0.1887285563071818
30 78 -1.8701856133176695
48 78 1.4877199728621147
56 78 0.92760597503070552
57 78 -2.0956226941132114
71 78 -0.0065801049284542759
82 78 0.80184930989209591
95 78 -0.43412853409177921
99 78 -2.083865156318355
9 79 -0.16827263083133878
27 79 -1.3879438728580622
28 79 0.61148866519291689
41 79 -0.82141177666274046
54 79 -0.0090382534776102027
78 79 0.19133910489392869
86 79 -0.66499496357132082
87 79 0.099885624370271736
95 79 0.52884816819102609
97 79 -1.2206370369181307
12 80 0.54595697439924529
43 80 -0.14586564579402403
45 80 -1.2444869494484194
50 80 -0.72966297633212662
60 80 -0.21042357723145674
79 80 -0.59474984153267307
80 80 -0.31912406633091511
85 80 -0.58169876541555054
90 80 1.7556026616988061
98 80 -0.91209444605555545
11 81 -0.050782855554633292
25 81 -0.56595148307037557
44 81 1.4831341383571346
50 81 -1.1422462705231842
51 81 1.3084107789286057
62 81 0.39000377045722207
74 81 0.99806904617652681
100 81 0.17321040028851309
14 82 1.2405155156525811
25 82 2.1711051346447778
57 82 -0.19827920672399851
72 82 -0.93420238184129689
78 82 -0.39142573484054377
91 82 1.5435913460757429
3 83 0.80173452971251769
12 83 -1.4123483225280471
37 83 -1.8962713173421399
39 83 0.63512757829838506
48 83 0.77619472698850844
57 83 0.38207438959948697
68 83 2.5036222400111559
83 83 -0.61265762090127118
17 84 2.6640683283618465
21 84 0.031650080864568546
33 84 0.48066511743736678
67 84 0.0071600004006365913
70 84 2.3440979259869734
85 84 0.39156854579415701
15 85 -1.3986100527519529
31 85 -0.80853041039629814
55 85 0.62825964316697624
82 85 0.083768445607908013
85 85 -0.29093695563975097
90 85 0.43766710487009264
4 86 -0.67248329078179658
35 86 -0.35025806618197253
38 86 1.233016753406345
44 86 1.7363120718580083
46 86 -0.29820816154484453
50 86 0.25839928672097878
55 86 -0.57603361580803014
58 86 -1.3085740829739236
86 86 0.23913618609948151
98 86 0.40381124313884914
2 87 -1.8540781490061717
4 87 -0.84425838551513255
7 87 0.65900271388811438
12 87 1.7556539748533744
13 87 0.21730882081973596
20 87 2.0730075808410686
21 87 0.030880116544540977
23 87 -1.6185835532403681
26 87 -0.21667354840789846
34 87 1.8648654811603746
40 87 0.24887465649176677
43 87 1.1129612146572807
45 87 -1.0727125690195893
49 87 -0.88647833258654396
60 87 2.3082491504041189
63 87 -1.3043880086066313
64 87 0.32365016459745505
74 87 0.60197469380879576
97 87 -0.09844370330686511
15 88 0.98701710083802563
27 88 -0.77350052349605114
28 88 0.43157946234437711
49 88 0.27967724707996089
56 88 -1.6490823763930005
72 88 -0.12045284549653049
74 88 0.57361343181967184
1 89 -1.1124346226301371
8 89 -0.69020537891448164
10 89 2.374287400526613
22 89 2.3958283813231329
23 89 0.018393036952428343
25 89 -2.0353246584934857
32 89 0.50149829951821401
65 89 0.65754226267412452
88 89 0.38417671139018039
12 90 -1.6627693371657777
20 90 0.96830985870435293
23 90 2.3042293549832271
41 90 0.89222113940961922
45 90 -1.420392315181263
62 90 -0.024835101677516437
75 90 -0.1265782737810211
76 90 -0.031417562645541158
80 90 0.81025800426306804
82 90 0.30743561294073918
86 90 1.1001245895645202
99 90 -0.3095777124511081
1 91 0.73409735965146516
5 91 0.17537103017775024
44 91 -0.034792772797194289
64 91 0.34497066466987858
74 91 1.3323657263871176
76 91 0.37874376571885349
77 91 -0.43716544901302878
80 91 0.0019440727509340136
84 91 -0.36575638869420524
8 92 1.1688497803300157
9 92 -0.10489168632864691
24 92 -1.0993953448699154
31 92 -0.53285953740156411
33 92 1.949461041599974
53 92 -0.32228160884851759
56 92 -1.0739628903022389
61 92 0.47037848652308367
64 92 -1.2828556928285941
65 92 0.7568222100840426
67 92 -0.91117843430402556
75 92 1.0971302222092087
86 92 0.15973534350173557
91 92 -0.8559592704263862
100 92 0.92556896549693746
14 93 -1.5880830024149934
15 93 -0.32802421973264995
27 93 0.35562651709626891
62 93 -0.46421717463687001
88 93 0.78690434248076402
91 93 0.11873841860970138
94 93 0.12753503603070285
7 94 0.83373162633733444
10 94 2.1341414914596686
22 94 0.88775073435960739
49 94 -1.6740939547114204
50 94 -0.61142128031255194
75 94 0.14780727949238245
3 95 -1.1237691662667681
7 95 -0.46480334730231881
36 95 -1.2292396283436007
44 95 -1.4819463593385624
51 95 0.22365287520712449
57 95 -1.8625444007200738
61 95 -0.88620792522790404
63 95 1.5709437591202202
97 95 0.94839686549323876
1 96 -0.88082057368964506
7 96 -0.091819186596690708
9 96 -1.1757541722910017
13 96 -0.16487822401664795
29 96 1.1182490400834519
65 96 -1.4797811972229973
71 96 1.4878044970178974
79 96 0.28555897160750721
12 97 -2.0490383830481353
14 97 1.270137975257756
21 97 0.9200355313346652
25 97 0.59509556843497768
34 97 -0.28388820314015656
49 97 -1.4344466361470578
50 97 1.0422057044387518
59 97 -1.1421161605391359
62 97 -1.0699433297402179
63 97 -1.4362201842066811
71 97 0.10195168788331073
77 97 -0.36205241374622682
89 97 -1.1567887770535714
93 97 0.2731392187875466
95 97 -1.1224636012577061
8 98 -1.1785719875154606
15 98 0.047818234652375169
24 98 0.16646519351309488
26 98 0.49419792449296285
32 98 0.4028717767337624
37 98 -0.42944696175786434
48 98 0.67005430301588564
58 98 -0.71733495279111559
60 98 1.742887529772839
72 98 -0.83857778946244976
92 98 -1.169163317575548
99 98 1.4255982648647916
6 99 0.53502961167136875
7 99 -0.18671112870638293
10 99 -0.0012664344191350005
19 99 1.1097918902669752
20 99 3.0080155387508052
25 99 -1.51840198691346
29 99 0.48157406877115783
30 99 -0.51389676283821306
33 99 0.1745071194615975
59 99 -1.5190908729211197
66 99 -0.074724517826711676
88 99 -0.89049515762878018
100 99 0.33205392865290329
4 100 0.22043718730618295
5 100 -0.24616607601564414
14 100 -0.31139326255897121
19 100 -0.70657586272260353
25 100 -0.64256923135084554
40 100 0.73840217167987043
43 100 -0.15424732952612652
45 100 1.0736020469580405
46 100 -0.26168877452279254
51 100 -0.063101036095065635
59 100 -0.17338640020082313
63 100 -0.91688319657502171
64 100 -0.54824310263162945
81 100 0.32983778505587524